ES0702050102	04E04B01	V	4.5	4.2	4.8	5.4	0.9	1.2	1.5	1.2
ES0702050102	04E04C01	N	0.0	0.0	0.0	0.0	0.0	0.0	0.0	0.0
ES0702050102	04E04S01	S	0.0	0.0	0.0	0.0	0.0	0.0	0.0	0.0
ES0702050102	04E04Q97	A	0.0	0.0	0.0	0.0	0.0	0.0	0.0	0.0
ES0702050102	04E04Q05	D	0.0	0.0	0.0	0.0	0.0	0.0	0.0	0.0
ES0702050105	04S02B01	V	157.5	147.0	168.0	189.0	31.5	42.0	52.5	42.0
ES0702050105	04S02C12	N	0.0	0.0	0.0	0.0	0.0	0.0	0.0	0.0
ES0702050105	04S02S01	S	0.0	0.0	0.0	0.0	0.0	0.0	0.0	0.0
ES0702050105	04S02Q97	A	0.0	0.0	0.0	0.0	0.0	0.0	0.0	0.0
ES0702050105	04A03Q01	D	0.0	0.0	0.0	0.0	0.0	0.0	0.0	0.0
ES0702050108	04S03C12	N	0.0	0.0	0.0	0.0	0.0	0.0	0.0	0.0
ES0702050108	04S03S01	S	0.0	0.0	0.0	0.0	0.0	0.0	0.0	0.0
ES0702050108	04S03Q97	A	0.0	0.0	0.0	0.0	0.0	0.0	0.0	0.0
ES0702050108	04A02Q03	D	0.0	0.0	0.0	0.0	0.0	0.0	0.0	0.0
ES0702050108	04S03B01	V	327.75	305.9	349.6	393.3	65.55	87.4	109.25	87.4
ES0702050202	05E02C01	N	0.0	0.0	0.0	0.0	0.0	0.0	0.0	0.0
ES0702050202	05E02S01	S	0.0	0.0	0.0	0.0	0.0	0.0	0.0	0.0
ES0702050202	05E02Q97	A	0.0	0.0	0.0	0.0	0.0	0.0	0.0	0.0
ES0702050202	05E02Q01	D	0.0	0.0	0.0	0.0	0.0	0.0	0.0	0.0
ES0702050202	05E02B01	V	9.75	9.1	10.4	11.7	1.95	2.6	3.25	2.6
ES0702050204	05E03B01	V	19.5	18.2	20.8	23.4	3.9	5.2	6.5	5.2
ES0702050204	05E03S01	S	0.0	0.0	0.0	0.0	0.0	0.0	0.0	0.0
ES0702050204	05E03Q97	A	0.0	0.0	0.0	0.0	0.0	0.0	0.0	0.0
ES0702050204	05E03Q11	D	0.0	0.0	0.0	0.0	0.0	0.0	0.0	0.0
ES0702050204	05E03C12	N	0.0	0.0	0.0	0.0	0.0	0.0	0.0	0.0
ES0702050305	03E03S01	S	0.0	0.0	0.0	0.0	0.0	0.0	0.0	0.0
ES0702050305	03E03C12	N	0.0	0.0	0.0	0.0	0.0	0.0	0.0	0.0
ES0702050305	03E03B01	V	27.0	25.2	28.8	32.4	5.4	7.2	9.0	7.2
ES0702050305	03R04Q06	D	0.0	0.0	0.0	0.0	0.0	0.0	0.0	0.0
ES0702050305	03E03Q97	A	0.0	0.0	0.0	0.0	0.0	0.0	0.0	0.0
ES0702051102	04E06B01	V	6.75	6.3	7.2	8.1	1.35	1.8	2.25	1.8
ES0702051102	04E06S01	S	0.0	0.0	0.0	0.0	0.0	0.0	0.0	0.0
ES0702051102	04A01Q03	D	0.0	0.0	0.0	0.0	0.0	0.0	0.0	0.0
ES0702051102	04E06Q97	A	0.0	0.0	0.0	0.0	0.0	0.0	0.0	0.0
ES0702051102	04E06C01	N	0.0	0.0	0.0	0.0	0.0	0.0	0.0	0.0
ES0702051603	03E02B01	V	26.25	24.5	28.0	31.5	5.25	7.0	8.75	7.0
ES0702051603	03E02C12	N	0.0	0.0	0.0	0.0	0.0	0.0	0.0	0.0
ES0702051603	03E02S01	S	0.0	0.0	0.0	0.0	0.0	0.0	0.0	0.0
ES0702051603	03E02Q97	A	0.0	0.0	0.0	0.0	0.0	0.0	0.0	0.0
ES0702051603	03E02Q15	D	0.0	0.0	0.0	0.0	0.0	0.0	0.0	0.0
ES0702051902	02E02B01	V	7.5	7.0	8.0	9.0	1.5	2.0	2.5	2.0
ES0702051902	02E02C12	N	0.0	0.0	0.0	0.0	0.0	0.0	0.0	0.0
ES0702051902	02E02S01	S	0.0	0.0	0.0	0.0	0.0	0.0	0.0	0.0
ES0702051902	02E02Q97	A	0.0	0.0	0.0	0.0	0.0	0.0	0.0	0.0
ES0702051902	02E02Q21	D	0.0	0.0	0.0	0.0	0.0	0.0	0.0	0.0
ES0702052003	02E03Q08	D	0.0	0.0	0.0	0.0	0.0	0.0	0.0	0.0
ES0702052003	02E03C12	N	0.0	0.0	0.0	0.0	0.0	0.0	0.0	0.0
ES0702052003	02E03B01	V	16.5	15.4	17.6	19.8	3.3	4.4	5.5	4.4
ES0702052003	02E03Q97	A	0.0	0.0	0.0	0.0	0.0	0.0	0.0	0.0
ES0702052003	02E03S01	S	0.0	0.0	0.0	0.0	0.0	0.0	0.0	0.0
ES0702052302	01E01C12	N	0.0	0.0	0.0	0.0	0.0	0.0	0.0	0.0
ES0702052302	01E01B01	V	5.25	4.9	5.6	6.3	1.05	1.4	1.75	1.4
ES0702052302	01E01Q24	D	0.0	0.0	0.0	0.0	0.0	0.0	0.0	0.0
ES0702052302	01E01Q97	A	0.0	0.0	0.0	0.0	0.0	0.0	0.0	0.0
ES0702052302	01E01S01	S	0.0	0.0	0.0	0.0	0.0	0.0	0.0	0.0
ES0702052502	01E02C12	N	0.0	0.0	0.0	0.0	0.0	0.0	0.0	0.0
ES0702052502	01E02B01	V	19.5	18.2	20.8	23.4	3.9	5.2	6.5	5.2
ES0702052502	01E02Q22	D	0.0	0.0	0.0	0.0	0.0	0.0	0.0	0.0
ES0702052502	01E02Q97	A	0.0	0.0	0.0	0.0	0.0	0.0	0.0	0.0
ES0702052502	01E02S01	S	0.0	0.0	0.0	0.0	0.0	0.0	0.0	0.0
ES0703190002	07E01S01	S	0.0	0.0	0.0	0.0	0.0	0.0	0.0	0.0
ES0703190002	07E01C12	N	0.0	0.0	0.0	0.0	0.0	0.0	0.0	0.0
ES0703190002	07E01B01	V	184.5	172.2	196.8	221.4	36.9	49.2	61.5	49.2
ES0703190002	07C08Q15	D	0.0	0.0	0.0	0.0	0.0	0.0	0.0	0.0
ES0703190002	07E01Q97	A	0.0	0.0	0.0	0.0	0.0	0.0	0.0	0.0
ES0703190003	01E05C12	N	0.0	0.0	0.0	0.0	0.0	0.0	0.0	0.0
ES0703190003	01E05B01	V	33.75	31.5	36.0	40.5	6.75	9.0	11.25	9.0
ES0703190003	01E05Q05	D	0.0	0.0	0.0	0.0	0.0	0.0	0.0	0.0
ES0703190003	01E05Q97	A	0.0	0.0	0.0	0.0	0.0	0.0	0.0	0.0
ES0703190003	01E05S01	S	0.0	0.0	0.0	0.0	0.0	0.0	0.0	0.0
\.


